shard                  unet_v2_sample_fie: dice  prec  rec  |         unet_fd_ft: dice  prec  rec 
train_v2_s0                             0.180 0.901 0.783 |                  0.214 0.856 0.781
train_v2_s1                             0.130 0.820 0.958 |                  0.187 0.724 0.978
train_v3_s0                             0.157 0.836 0.897 |                  0.187 0.775 0.918
train_v3_s2                             0.197 0.854 0.797 |                  0.230 0.801 0.823
train_v5_s0                             0.165 0.876 0.823 |                  0.188 0.848 0.826
train_v5_s1                             0.261 0.809 0.704 |                  0.271 0.756 0.764
train_v5_s10                            0.218 0.862 0.745 |                  0.259 0.794 0.748
train_v5_s11                            0.087 0.923 0.920 |                  0.105 0.865 0.952
train_v5_s2                             0.167 0.888 0.805 |                  0.186 0.836 0.824
train_v5_s9                             0.130 0.886 0.874 |                  0.144 0.864 0.882
train_v5faint_s50                       0.457 0.888 0.398 |                  0.369 0.808 0.551
train_v5faint_s51                       0.213 0.933 0.690 |                  0.184 0.930 0.747
train_v5faint_s52                       0.238 0.925 0.669 |                  0.243 0.874 0.710
train_v5faint_s53                       0.311 0.836 0.613 |                  0.318 0.816 0.650
train_v5mid_s54                         0.306 0.819 0.618 |                  0.302 0.759 0.708
train_v5mid_s55                         0.133 0.901 0.845 |                  0.124 0.887 0.887
